00 01 02 03 04 05 06 07 08 10 11 12 13 14 15 16 17 18 20 21 22 23 24 25 26 27 28 30 31 32 33 34 35 36 37 38 40 41 42 43 44 45 46 47 48 50 51 52 53 54 55 56 57 58 60 61 62 63 64 65 66 67 68 70 71 72 73 74 75 76 77 78 80 81 82 83 84 85 86 87 88

unit list
      0  1  2  3  4  5  6  7  8
00 - 00 10 20 30 40 50 60 70 80
01 - 01 11 21 31 41 51 61 71 81
02 - 02 12 22 32 42 52 62 72 82
03 - 03 13 23 33 43 53 63 73 83
04 - 04 14 24 34 44 54 64 74 84
05 - 05 15 25 35 45 55 65 75 85
06 - 06 16 26 36 46 56 66 76 86
07 - 07 17 27 37 47 57 67 77 87
08 - 08 18 28 38 48 58 68 78 88
09 - 00 01 02 03 04 05 06 07 08
10 - 10 11 12 13 14 15 16 17 18
11 - 20 21 22 23 24 25 26 27 28
12 - 30 31 32 33 34 35 36 37 38
13 - 40 41 42 43 44 45 46 47 48
14 - 50 51 52 53 54 55 56 57 58
15 - 60 61 62 63 64 65 66 67 68
16 - 70 71 72 73 74 75 76 77 78
17 - 80 81 82 83 84 85 86 87 88

18 - 00 01 02 10 11 12 20 21 22
19 - 03 04 05 13 14 15 23 24 25
20 - 06 07 08 16 17 18 26 27 28
21 - 30 31 32 40 41 42 50 51 52
22 - 33 34 35 43 44 45 53 54 55
23 - 36 37 38 46 47 48 56 57 58
24 - 60 61 62 70 71 72 80 81 82
25 - 63 64 65 73 74 75 83 84 85
26 - 66 67 68 76 77 78 86 87 88

end unit list

Units
Units 00
00 10 20 30 40 50 60 70 80
00 01 02 03 04 05 06 07 08
00 01 02 10 11 12 20 21 22

Units 01
01 11 21 31 41 51 61 71 81
00 01 02 03 04 05 06 07 08
00 01 02 10 11 12 20 21 22

Units 02
02 12 22 32 42 52 62 72 82
00 01 02 03 04 05 06 07 08
00 01 02 10 11 12 20 21 22

Units 03
03 13 23 33 43 53 63 73 83
00 01 02 03 04 05 06 07 08
03 04 05 13 14 15 23 24 25

Units 04
04 14 24 34 44 54 64 74 84
00 01 02 03 04 05 06 07 08
03 04 05 13 14 15 23 24 25

Units 05
05 15 25 35 45 55 65 75 85
00 01 02 03 04 05 06 07 08
03 04 05 13 14 15 23 24 25

Units 06
06 16 26 36 46 56 66 76 86
00 01 02 03 04 05 06 07 08
06 07 08 16 17 18 26 27 28

Units 07
07 17 27 37 47 57 67 77 87
00 01 02 03 04 05 06 07 08
06 07 08 16 17 18 26 27 28

Units 08
08 18 28 38 48 58 68 78 88
00 01 02 03 04 05 06 07 08
06 07 08 16 17 18 26 27 28

Units 10
00 10 20 30 40 50 60 70 80
10 11 12 13 14 15 16 17 18
00 01 02 10 11 12 20 21 22

Units 11
01 11 21 31 41 51 61 71 81
10 11 12 13 14 15 16 17 18
00 01 02 10 11 12 20 21 22

Units 12
02 12 22 32 42 52 62 72 82
10 11 12 13 14 15 16 17 18
00 01 02 10 11 12 20 21 22

Units 13
03 13 23 33 43 53 63 73 83
10 11 12 13 14 15 16 17 18
03 04 05 13 14 15 23 24 25

Units 14
04 14 24 34 44 54 64 74 84
10 11 12 13 14 15 16 17 18
03 04 05 13 14 15 23 24 25

Units 15
05 15 25 35 45 55 65 75 85
10 11 12 13 14 15 16 17 18
03 04 05 13 14 15 23 24 25

Units 16
06 16 26 36 46 56 66 76 86
10 11 12 13 14 15 16 17 18
06 07 08 16 17 18 26 27 28

Units 17
07 17 27 37 47 57 67 77 87
10 11 12 13 14 15 16 17 18
06 07 08 16 17 18 26 27 28

Units 18
08 18 28 38 48 58 68 78 88
10 11 12 13 14 15 16 17 18
06 07 08 16 17 18 26 27 28

Units 20
00 10 20 30 40 50 60 70 80
20 21 22 23 24 25 26 27 28
00 01 02 10 11 12 20 21 22

Units 21
01 11 21 31 41 51 61 71 81
20 21 22 23 24 25 26 27 28
00 01 02 10 11 12 20 21 22

Units 22
02 12 22 32 42 52 62 72 82
20 21 22 23 24 25 26 27 28
00 01 02 10 11 12 20 21 22

Units 23
03 13 23 33 43 53 63 73 83
20 21 22 23 24 25 26 27 28
03 04 05 13 14 15 23 24 25

Units 24
04 14 24 34 44 54 64 74 84
20 21 22 23 24 25 26 27 28
03 04 05 13 14 15 23 24 25

Units 25
05 15 25 35 45 55 65 75 85
20 21 22 23 24 25 26 27 28
03 04 05 13 14 15 23 24 25

Units 26
06 16 26 36 46 56 66 76 86
20 21 22 23 24 25 26 27 28
06 07 08 16 17 18 26 27 28

Units 27
07 17 27 37 47 57 67 77 87
20 21 22 23 24 25 26 27 28
06 07 08 16 17 18 26 27 28

Units 28
08 18 28 38 48 58 68 78 88
20 21 22 23 24 25 26 27 28
06 07 08 16 17 18 26 27 28

Units 30
00 10 20 30 40 50 60 70 80
30 31 32 33 34 35 36 37 38
30 31 32 40 41 42 50 51 52

Units 31
01 11 21 31 41 51 61 71 81
30 31 32 33 34 35 36 37 38
30 31 32 40 41 42 50 51 52

Units 32
02 12 22 32 42 52 62 72 82
30 31 32 33 34 35 36 37 38
30 31 32 40 41 42 50 51 52

Units 33
03 13 23 33 43 53 63 73 83
30 31 32 33 34 35 36 37 38
33 34 35 43 44 45 53 54 55

Units 34
04 14 24 34 44 54 64 74 84
30 31 32 33 34 35 36 37 38
33 34 35 43 44 45 53 54 55

Units 35
05 15 25 35 45 55 65 75 85
30 31 32 33 34 35 36 37 38
33 34 35 43 44 45 53 54 55

Units 36
06 16 26 36 46 56 66 76 86
30 31 32 33 34 35 36 37 38
36 37 38 46 47 48 56 57 58

Units 37
07 17 27 37 47 57 67 77 87
30 31 32 33 34 35 36 37 38
36 37 38 46 47 48 56 57 58

Units 38
08 18 28 38 48 58 68 78 88
30 31 32 33 34 35 36 37 38
36 37 38 46 47 48 56 57 58

Units 40
00 10 20 30 40 50 60 70 80
40 41 42 43 44 45 46 47 48
30 31 32 40 41 42 50 51 52

Units 41
01 11 21 31 41 51 61 71 81
40 41 42 43 44 45 46 47 48
30 31 32 40 41 42 50 51 52

Units 42
02 12 22 32 42 52 62 72 82
40 41 42 43 44 45 46 47 48
30 31 32 40 41 42 50 51 52

Units 43
03 13 23 33 43 53 63 73 83
40 41 42 43 44 45 46 47 48
33 34 35 43 44 45 53 54 55

Units 44
04 14 24 34 44 54 64 74 84
40 41 42 43 44 45 46 47 48
33 34 35 43 44 45 53 54 55

Units 45
05 15 25 35 45 55 65 75 85
40 41 42 43 44 45 46 47 48
33 34 35 43 44 45 53 54 55

Units 46
06 16 26 36 46 56 66 76 86
40 41 42 43 44 45 46 47 48
36 37 38 46 47 48 56 57 58

Units 47
07 17 27 37 47 57 67 77 87
40 41 42 43 44 45 46 47 48
36 37 38 46 47 48 56 57 58

Units 48
08 18 28 38 48 58 68 78 88
40 41 42 43 44 45 46 47 48
36 37 38 46 47 48 56 57 58

Units 50
00 10 20 30 40 50 60 70 80
50 51 52 53 54 55 56 57 58
30 31 32 40 41 42 50 51 52

Units 51
01 11 21 31 41 51 61 71 81
50 51 52 53 54 55 56 57 58
30 31 32 40 41 42 50 51 52

Units 52
02 12 22 32 42 52 62 72 82
50 51 52 53 54 55 56 57 58
30 31 32 40 41 42 50 51 52

Units 53
03 13 23 33 43 53 63 73 83
50 51 52 53 54 55 56 57 58
33 34 35 43 44 45 53 54 55

Units 54
04 14 24 34 44 54 64 74 84
50 51 52 53 54 55 56 57 58
33 34 35 43 44 45 53 54 55

Units 55
05 15 25 35 45 55 65 75 85
50 51 52 53 54 55 56 57 58
33 34 35 43 44 45 53 54 55

Units 56
06 16 26 36 46 56 66 76 86
50 51 52 53 54 55 56 57 58
36 37 38 46 47 48 56 57 58

Units 57
07 17 27 37 47 57 67 77 87
50 51 52 53 54 55 56 57 58
36 37 38 46 47 48 56 57 58

Units 58
08 18 28 38 48 58 68 78 88
50 51 52 53 54 55 56 57 58
36 37 38 46 47 48 56 57 58

Units 60
00 10 20 30 40 50 60 70 80
60 61 62 63 64 65 66 67 68
60 61 62 70 71 72 80 81 82

Units 61
01 11 21 31 41 51 61 71 81
60 61 62 63 64 65 66 67 68
60 61 62 70 71 72 80 81 82

Units 62
02 12 22 32 42 52 62 72 82
60 61 62 63 64 65 66 67 68
60 61 62 70 71 72 80 81 82

Units 63
03 13 23 33 43 53 63 73 83
60 61 62 63 64 65 66 67 68
63 64 65 73 74 75 83 84 85

Units 64
04 14 24 34 44 54 64 74 84
60 61 62 63 64 65 66 67 68
63 64 65 73 74 75 83 84 85

Units 65
05 15 25 35 45 55 65 75 85
60 61 62 63 64 65 66 67 68
63 64 65 73 74 75 83 84 85

Units 66
06 16 26 36 46 56 66 76 86
60 61 62 63 64 65 66 67 68
66 67 68 76 77 78 86 87 88

Units 67
07 17 27 37 47 57 67 77 87
60 61 62 63 64 65 66 67 68
66 67 68 76 77 78 86 87 88

Units 68
08 18 28 38 48 58 68 78 88
60 61 62 63 64 65 66 67 68
66 67 68 76 77 78 86 87 88

Units 70
00 10 20 30 40 50 60 70 80
70 71 72 73 74 75 76 77 78
60 61 62 70 71 72 80 81 82

Units 71
01 11 21 31 41 51 61 71 81
70 71 72 73 74 75 76 77 78
60 61 62 70 71 72 80 81 82

Units 72
02 12 22 32 42 52 62 72 82
70 71 72 73 74 75 76 77 78
60 61 62 70 71 72 80 81 82

Units 73
03 13 23 33 43 53 63 73 83
70 71 72 73 74 75 76 77 78
63 64 65 73 74 75 83 84 85

Units 74
04 14 24 34 44 54 64 74 84
70 71 72 73 74 75 76 77 78
63 64 65 73 74 75 83 84 85

Units 75
05 15 25 35 45 55 65 75 85
70 71 72 73 74 75 76 77 78
63 64 65 73 74 75 83 84 85

Units 76
06 16 26 36 46 56 66 76 86
70 71 72 73 74 75 76 77 78
66 67 68 76 77 78 86 87 88

Units 77
07 17 27 37 47 57 67 77 87
70 71 72 73 74 75 76 77 78
66 67 68 76 77 78 86 87 88

Units 78
08 18 28 38 48 58 68 78 88
70 71 72 73 74 75 76 77 78
66 67 68 76 77 78 86 87 88

Units 80
00 10 20 30 40 50 60 70 80
80 81 82 83 84 85 86 87 88
60 61 62 70 71 72 80 81 82

Units 81
01 11 21 31 41 51 61 71 81
80 81 82 83 84 85 86 87 88
60 61 62 70 71 72 80 81 82

Units 82
02 12 22 32 42 52 62 72 82
80 81 82 83 84 85 86 87 88
60 61 62 70 71 72 80 81 82

Units 83
03 13 23 33 43 53 63 73 83
80 81 82 83 84 85 86 87 88
63 64 65 73 74 75 83 84 85

Units 84
04 14 24 34 44 54 64 74 84
80 81 82 83 84 85 86 87 88
63 64 65 73 74 75 83 84 85

Units 85
05 15 25 35 45 55 65 75 85
80 81 82 83 84 85 86 87 88
63 64 65 73 74 75 83 84 85

Units 86
06 16 26 36 46 56 66 76 86
80 81 82 83 84 85 86 87 88
66 67 68 76 77 78 86 87 88

Units 87
07 17 27 37 47 57 67 77 87
80 81 82 83 84 85 86 87 88
66 67 68 76 77 78 86 87 88

Units 88
08 18 28 38 48 58 68 78 88
80 81 82 83 84 85 86 87 88
66 67 68 76 77 78 86 87 88

4n3 Units

peers
peers 00
01 02 03 04 05 06 07 08 10 11 12 20 21 22 30 40 50 60 70 80

peers 01
00 02 03 04 05 06 07 08 10 11 12 20 21 22 31 41 51 61 71 81

peers 02
00 01 03 04 05 06 07 08 10 11 12 20 21 22 32 42 52 62 72 82

peers 03
00 01 02 04 05 06 07 08 13 14 15 23 24 25 33 43 53 63 73 83

peers 04
00 01 02 03 05 06 07 08 13 14 15 23 24 25 34 44 54 64 74 84

peers 05
00 01 02 03 04 06 07 08 13 14 15 23 24 25 35 45 55 65 75 85

peers 06
00 01 02 03 04 05 07 08 16 17 18 26 27 28 36 46 56 66 76 86

peers 07
00 01 02 03 04 05 06 08 16 17 18 26 27 28 37 47 57 67 77 87

peers 08
00 01 02 03 04 05 06 07 16 17 18 26 27 28 38 48 58 68 78 88

peers 10
00 01 02 11 12 13 14 15 16 17 18 20 21 22 30 40 50 60 70 80

peers 11
00 01 02 10 12 13 14 15 16 17 18 20 21 22 31 41 51 61 71 81

peers 12
00 01 02 10 11 13 14 15 16 17 18 20 21 22 32 42 52 62 72 82

peers 13
03 04 05 10 11 12 14 15 16 17 18 23 24 25 33 43 53 63 73 83

peers 14
03 04 05 10 11 12 13 15 16 17 18 23 24 25 34 44 54 64 74 84

peers 15
03 04 05 10 11 12 13 14 16 17 18 23 24 25 35 45 55 65 75 85

peers 16
06 07 08 10 11 12 13 14 15 17 18 26 27 28 36 46 56 66 76 86

peers 17
06 07 08 10 11 12 13 14 15 16 18 26 27 28 37 47 57 67 77 87

peers 18
06 07 08 10 11 12 13 14 15 16 17 26 27 28 38 48 58 68 78 88

peers 20
00 01 02 10 11 12 21 22 23 24 25 26 27 28 30 40 50 60 70 80

peers 21
00 01 02 10 11 12 20 22 23 24 25 26 27 28 31 41 51 61 71 81

peers 22
00 01 02 10 11 12 20 21 23 24 25 26 27 28 32 42 52 62 72 82

peers 23
03 04 05 13 14 15 20 21 22 24 25 26 27 28 33 43 53 63 73 83

peers 24
03 04 05 13 14 15 20 21 22 23 25 26 27 28 34 44 54 64 74 84

peers 25
03 04 05 13 14 15 20 21 22 23 24 26 27 28 35 45 55 65 75 85

peers 26
06 07 08 16 17 18 20 21 22 23 24 25 27 28 36 46 56 66 76 86

peers 27
06 07 08 16 17 18 20 21 22 23 24 25 26 28 37 47 57 67 77 87

peers 28
06 07 08 16 17 18 20 21 22 23 24 25 26 27 38 48 58 68 78 88

peers 30
00 10 20 31 32 33 34 35 36 37 38 40 41 42 50 51 52 60 70 80

peers 31
01 11 21 30 32 33 34 35 36 37 38 40 41 42 50 51 52 61 71 81

peers 32
02 12 22 30 31 33 34 35 36 37 38 40 41 42 50 51 52 62 72 82

peers 33
03 13 23 30 31 32 34 35 36 37 38 43 44 45 53 54 55 63 73 83

peers 34
04 14 24 30 31 32 33 35 36 37 38 43 44 45 53 54 55 64 74 84

peers 35
05 15 25 30 31 32 33 34 36 37 38 43 44 45 53 54 55 65 75 85

peers 36
06 16 26 30 31 32 33 34 35 37 38 46 47 48 56 57 58 66 76 86

peers 37
07 17 27 30 31 32 33 34 35 36 38 46 47 48 56 57 58 67 77 87

peers 38
08 18 28 30 31 32 33 34 35 36 37 46 47 48 56 57 58 68 78 88

peers 40
00 10 20 30 31 32 41 42 43 44 45 46 47 48 50 51 52 60 70 80

peers 41
01 11 21 30 31 32 40 42 43 44 45 46 47 48 50 51 52 61 71 81

peers 42
02 12 22 30 31 32 40 41 43 44 45 46 47 48 50 51 52 62 72 82

peers 43
03 13 23 33 34 35 40 41 42 44 45 46 47 48 53 54 55 63 73 83

peers 44
04 14 24 33 34 35 40 41 42 43 45 46 47 48 53 54 55 64 74 84

peers 45
05 15 25 33 34 35 40 41 42 43 44 46 47 48 53 54 55 65 75 85

peers 46
06 16 26 36 37 38 40 41 42 43 44 45 47 48 56 57 58 66 76 86

peers 47
07 17 27 36 37 38 40 41 42 43 44 45 46 48 56 57 58 67 77 87

peers 48
08 18 28 36 37 38 40 41 42 43 44 45 46 47 56 57 58 68 78 88

peers 50
00 10 20 30 31 32 40 41 42 51 52 53 54 55 56 57 58 60 70 80

peers 51
01 11 21 30 31 32 40 41 42 50 52 53 54 55 56 57 58 61 71 81

peers 52
02 12 22 30 31 32 40 41 42 50 51 53 54 55 56 57 58 62 72 82

peers 53
03 13 23 33 34 35 43 44 45 50 51 52 54 55 56 57 58 63 73 83

peers 54
04 14 24 33 34 35 43 44 45 50 51 52 53 55 56 57 58 64 74 84

peers 55
05 15 25 33 34 35 43 44 45 50 51 52 53 54 56 57 58 65 75 85

peers 56
06 16 26 36 37 38 46 47 48 50 51 52 53 54 55 57 58 66 76 86

peers 57
07 17 27 36 37 38 46 47 48 50 51 52 53 54 55 56 58 67 77 87

peers 58
08 18 28 36 37 38 46 47 48 50 51 52 53 54 55 56 57 68 78 88

peers 60
00 10 20 30 40 50 61 62 63 64 65 66 67 68 70 71 72 80 81 82

peers 61
01 11 21 31 41 51 60 62 63 64 65 66 67 68 70 71 72 80 81 82

peers 62
02 12 22 32 42 52 60 61 63 64 65 66 67 68 70 71 72 80 81 82

peers 63
03 13 23 33 43 53 60 61 62 64 65 66 67 68 73 74 75 83 84 85

peers 64
04 14 24 34 44 54 60 61 62 63 65 66 67 68 73 74 75 83 84 85

peers 65
05 15 25 35 45 55 60 61 62 63 64 66 67 68 73 74 75 83 84 85

peers 66
06 16 26 36 46 56 60 61 62 63 64 65 67 68 76 77 78 86 87 88

peers 67
07 17 27 37 47 57 60 61 62 63 64 65 66 68 76 77 78 86 87 88

peers 68
08 18 28 38 48 58 60 61 62 63 64 65 66 67 76 77 78 86 87 88

peers 70
00 10 20 30 40 50 60 61 62 71 72 73 74 75 76 77 78 80 81 82

peers 71
01 11 21 31 41 51 60 61 62 70 72 73 74 75 76 77 78 80 81 82

peers 72
02 12 22 32 42 52 60 61 62 70 71 73 74 75 76 77 78 80 81 82

peers 73
03 13 23 33 43 53 63 64 65 70 71 72 74 75 76 77 78 83 84 85

peers 74
04 14 24 34 44 54 63 64 65 70 71 72 73 75 76 77 78 83 84 85

peers 75
05 15 25 35 45 55 63 64 65 70 71 72 73 74 76 77 78 83 84 85

peers 76
06 16 26 36 46 56 66 67 68 70 71 72 73 74 75 77 78 86 87 88

peers 77
07 17 27 37 47 57 66 67 68 70 71 72 73 74 75 76 78 86 87 88

peers 78
08 18 28 38 48 58 66 67 68 70 71 72 73 74 75 76 77 86 87 88

peers 80
00 10 20 30 40 50 60 61 62 70 71 72 81 82 83 84 85 86 87 88

peers 81
01 11 21 31 41 51 60 61 62 70 71 72 80 82 83 84 85 86 87 88

peers 82
02 12 22 32 42 52 60 61 62 70 71 72 80 81 83 84 85 86 87 88

peers 83
03 13 23 33 43 53 63 64 65 73 74 75 80 81 82 84 85 86 87 88

peers 84
04 14 24 34 44 54 63 64 65 73 74 75 80 81 82 83 85 86 87 88

peers 85
05 15 25 35 45 55 63 64 65 73 74 75 80 81 82 83 84 86 87 88

peers 86
06 16 26 36 46 56 66 67 68 76 77 78 80 81 82 83 84 85 87 88

peers 87
07 17 27 37 47 57 66 67 68 76 77 78 80 81 82 83 84 85 86 88

peers 88
08 18 28 38 48 58 66 67 68 76 77 78 80 81 82 83 84 85 86 87

4n3 peers
